175 0 0.0007282 5.346e-06
175 25 0.0001099 7.411e-07
175 50 2.017e-05 9.615e-08
175 75 1.129e-06 6.189e-09
200 0 0.0309 0.0001191
200 100 1.215e-06 5.282e-09
200 25 0.01168 3.998e-05
200 50 0.0001688 8.486e-07
200 75 2.431e-05 1.141e-07
225 0 0.08971 0.0003273
225 100 2.662e-05 1.76e-07
225 125 1.243e-06 6.253e-09
225 25 0.07438 0.0003407
225 50 0.02247 6.764e-05
225 75 0.0002049 1.061e-06
250 0 0.1606 0.0007991
250 100 0.0002295 1.128e-06
250 125 2.753e-05 1.621e-07
250 150 1.252e-06 5.71e-09
250 25 0.147 0.0006437
250 50 0.1091 0.0004488
250 75 0.03076 9.437e-05
275 0 0.2357 0.001158
275 100 0.03674 0.0001079
275 125 0.0002441 1.429e-06
275 150 2.817e-05 1.649e-07
275 175 1.227e-06 5.633e-09
275 25 0.2241 0.001509
275 50 0.1901 0.0008308
275 75 0.1359 0.0005298
300 0 0.3122 0.001871
300 100 0.1534 0.000599
300 125 0.04107 0.0001234
300 150 0.0002509 1.768e-06
300 175 2.827e-05 1.284e-07
300 200 1.199e-06 7.72e-09
300 25 0.3025 0.001388
300 50 0.2725 0.001464
300 75 0.2237 0.0007372
325 0 0.3925 0.001894
325 100 0.2447 0.0008329
325 125 0.1662 0.0004969
325 150 0.04392 0.0001272
325 175 0.0002548 1.503e-06
325 200 2.8e-05 1.255e-07
325 225 1.173e-06 5.012e-09
325 25 0.3835 0.001747
325 50 0.3532 0.002796
325 75 0.3087 0.001346
350 0 0.4698 0.002227
350 100 0.3347 0.001137
350 125 0.2624 0.001068
350 150 0.1746 0.0006744
350 175 0.04578 0.0001618
350 200 0.0002555 1.222e-06
350 225 2.767e-05 1.326e-07
350 250 1.134e-06 4.824e-09
350 25 0.4613 0.001649
350 50 0.4341 0.002389
350 75 0.3886 0.00175
375 0 0.5484 0.003782
375 100 0.4198 0.001873
375 125 0.3531 0.001797
375 150 0.271 0.001127
375 175 0.1812 0.0006462
375 200 0.0468 0.0001346
375 225 0.0002534 1.49e-06
375 250 2.692e-05 1.198e-07
375 25 0.5362 0.002678
375 275 1.096e-06 4.903e-09
375 50 0.5115 0.002339
375 75 0.4713 0.002415
400 0 0.625 0.002399
400 100 0.4956 0.002642
400 125 0.437 0.002032
400 150 0.3641 0.001209
400 175 0.2803 0.001121
400 200 0.1837 0.000649
400 225 0.04752 0.0001439
400 250 0.0002503 1.18e-06
400 25 0.6108 0.002223
400 275 2.635e-05 1.271e-07
400 300 1.063e-06 5.444e-09
400 50 0.5887 0.002747
400 75 0.5507 0.002488
425 0 0.6998 0.003168
425 100 0.5797 0.002191
425 125 0.5204 0.002395
425 150 0.4538 0.002616
425 175 0.3746 0.00157
425 200 0.2851 0.0008839
425 225 0.1843 0.0006485
425 250 0.0481 0.0001398
425 25 0.688 0.003529
425 275 0.000248 1.53e-06
425 300 2.588e-05 1.268e-07
425 325 1.027e-06 4.358e-09
425 50 0.6668 0.003066
425 75 0.6248 0.002873
450 0 0.7801 0.003836
450 100 0.6654 0.003445
450 125 0.602 0.002109
450 150 0.5359 0.002747
450 175 0.4597 0.001751
450 200 0.3778 0.00233
450 225 0.2869 0.001144
450 250 0.1864 0.001028
450 25 0.7618 0.00349
450 275 0.04756 0.0001366
450 300 0.0002437 1.172e-06
450 325 2.52e-05 1.105e-07
450 350 9.942e-07 4.922e-09
450 50 0.7413 0.003412
450 75 0.7091 0.003359
475 0 0.8448 0.003872
475 100 0.7403 0.003381
475 125 0.6843 0.003093
475 150 0.6181 0.003506
475 175 0.5441 0.004609
475 200 0.4677 0.002063
475 225 0.3797 0.00162
475 250 0.2887 0.001167
475 25 0.8281 0.005044
475 275 0.1859 0.0006688
475 300 0.04752 0.0001415
475 325 0.0002376 1.168e-06
475 350 2.448e-05 1.062e-07
475 375 9.539e-07 4.269e-09
475 50 0.8129 0.002904
475 75 0.7808 0.004916
500 0 0.917 0.003267
500 100 0.8127 0.00493
500 125 0.7612 0.004402
500 150 0.7028 0.003966
500 175 0.63 0.003962
500 200 0.5563 0.001885
500 225 0.4706 0.002295
500 250 0.378 0.001584
500 25 0.8944 0.004161
500 275 0.2853 0.001096
500 300 0.185 0.0006767
500 325 0.04719 0.0002042
500 350 0.0002345 1.358e-06
500 375 2.353e-05 1.076e-07
500 400 9.267e-07 3.955e-09
500 50 0.8881 0.004199
500 75 0.8572 0.005631
525 0 0.9799 0.004564
525 100 0.888 0.004122
525 125 0.8384 0.003999
525 150 0.7813 0.002782
525 175 0.7165 0.003187
525 200 0.6363 0.002839
525 225 0.5668 0.002769
525 250 0.4652 0.002018
525 25 0.9726 0.004477
525 275 0.3817 0.001546
525 300 0.2826 0.001136
525 325 0.1831 0.0007168
525 350 0.04647 0.0001382
525 375 0.0002307 1.075e-06
525 400 2.318e-05 1.075e-07
525 425 8.898e-07 3.836e-09
525 50 0.9559 0.003436
525 75 0.9313 0.004264
550 0 1.059 0.004885
550 100 0.9581 0.006166
550 125 0.9164 0.005841
550 150 0.8523 0.004347
550 175 0.7941 0.00361
550 200 0.7226 0.003372
550 225 0.6462 0.003642
550 250 0.5611 0.002434
550 25 1.049 0.004086
550 275 0.47 0.002315
550 300 0.3822 0.001554
550 325 0.2825 0.001079
550 350 0.1804 0.0006211
550 375 0.04586 0.0001284
550 400 0.000223 1.089e-06
550 425 2.238e-05 1.169e-07
550 450 8.699e-07 4.608e-09
550 50 1.023 0.005943
550 75 1.006 0.004651
575 0 1.127 0.005823
575 100 1.029 0.006469
575 125 0.9886 0.003996
575 150 0.9331 0.004275
575 175 0.875 0.003964
575 200 0.8071 0.005621
575 225 0.7276 0.002535
575 250 0.6454 0.002225
575 25 1.123 0.005122
575 275 0.5573 0.004113
575 300 0.4663 0.002022
575 325 0.372 0.003486
575 350 0.2795 0.001939
575 375 0.1788 0.0007917
575 400 0.04532 0.000126
575 425 0.0002198 1.013e-06
575 450 2.192e-05 1.181e-07
575 475 8.48e-07 5.921e-09
575 50 1.109 0.005143
575 75 1.074 0.005098
600 0 1.187 0.009211
600 100 1.105 0.005077
600 125 1.057 0.005003
600 150 1.009 0.00361
600 175 0.9556 0.004348
600 200 0.8856 0.004576
600 225 0.8123 0.003657
600 250 0.7296 0.004162
600 25 1.192 0.006369
600 275 0.6425 0.002817
600 300 0.5572 0.002591
600 325 0.4621 0.002785
600 350 0.3699 0.001174
600 375 0.2746 0.001731
600 400 0.176 0.0006085
600 425 0.04426 0.0001265
600 450 0.0002135 1.279e-06
600 475 2.126e-05 1.006e-07
600 500 8.155e-07 3.578e-09
600 50 1.168 0.004196
600 75 1.138 0.005313
625 0 1.247 0.005856
625 100 1.179 0.004608
625 125 1.133 0.007969
625 150 1.078 0.005928
625 175 1.03 0.005828
625 200 0.9665 0.004595
625 225 0.8901 0.003716
625 250 0.8139 0.003754
625 25 1.258 0.00449
625 275 0.7304 0.003256
625 300 0.6386 0.00281
625 325 0.5514 0.002677
625 350 0.4612 0.001863
625 375 0.3693 0.001482
625 400 0.2723 0.001025
625 425 0.1725 0.0007079
625 450 0.0437 0.000187
625 475 0.0002088 9.601e-07
625 500 2.061e-05 1.011e-07
625 50 1.235 0.005713
625 525 7.969e-07 3.793e-09
625 75 1.211 0.004756
650 0 1.33 0.006107
650 100 1.25 0.005795
650 125 1.21 0.004731
650 150 1.164 0.005318
650 175 1.095 0.005819
650 200 1.037 0.003696
650 225 0.9688 0.003561
650 250 0.8984 0.00446
650 25 1.313 0.006123
650 275 0.8072 0.003633
650 300 0.7223 0.003211
650 325 0.6362 0.003925
650 350 0.5466 0.001827
650 375 0.4542 0.001895
650 400 0.3626 0.001536
650 425 0.2686 0.001303
650 450 0.1702 0.0005658
650 475 0.04285 0.0001216
650 500 0.0002058 9.724e-07
650 50 1.307 0.004688
650 525 2.013e-05 8.726e-08
650 550 7.738e-07 4.181e-09
650 75 1.28 0.005884
675 0 1.378 0.006385
675 100 1.32 0.004737
675 125 1.269 0.008594
675 150 1.227 0.005063
675 175 1.176 0.00581
675 200 1.115 0.005111
675 225 1.048 0.004803
675 250 0.9744 0.006048
675 25 1.388 0.007153
675 275 0.8909 0.003337
675 300 0.8131 0.004477
675 325 0.725 0.003965
675 350 0.633 0.002752
675 375 0.5415 0.002482
675 400 0.4501 0.001932
675 425 0.3554 0.002363
675 450 0.2654 0.001207
675 475 0.1673 0.0006745
675 500 0.04206 0.0001168
675 50 1.37 0.00677
675 525 0.0002014 9.73e-07
675 550 1.973e-05 1.302e-07
675 575 7.564e-07 3.532e-09
675 75 1.358 0.007567
700 0 1.446 0.006708
700 100 1.384 0.006625
700 125 1.343 0.006805
700 150 1.296 0.006513
700 175 1.249 0.004514
700 200 1.195 0.005492
700 225 1.119 0.00513
700 250 1.062 0.004794
700 25 1.451 0.007095
700 275 0.9697 0.006461
700 300 0.8837 0.004466
700 325 0.8045 0.00366
700 350 0.7193 0.003607
700 375 0.634 0.003252
700 400 0.5355 0.002905
700 425 0.4452 0.00236
700 450 0.3543 0.001412
700 475 0.26 0.001467
700 500 0.1655 0.0005468
700 50 1.443 0.006919
700 525 0.04143 0.0001162
700 550 0.0001967 8.993e-07
700 575 1.894e-05 1.244e-07
700 600 7.285e-07 3.106e-09
700 75 1.412 0.006974
725 0 1.521 0.005974
725 100 1.464 0.01403
725 125 1.415 0.006918
725 150 1.363 0.00628
725 175 1.309 0.006358
725 200 1.26 0.005796
725 225 1.206 0.006364
725 250 1.125 0.005169
725 25 1.523 0.007518
725 275 1.055 0.005344
725 300 0.9842 0.004619
725 325 0.8897 0.004012
725 350 0.8054 0.003607
725 375 0.711 0.002976
725 400 0.6208 0.003075
725 425 0.5312 0.002455
725 450 0.4385 0.001899
725 475 0.347 0.001371
725 500 0.2556 0.000948
725 50 1.51 0.006912
725 525 0.1631 0.0005836
725 550 0.04057 0.000149
725 575 0.0001912 8.78e-07
725 600 1.876e-05 1.102e-07
725 625 7.076e-07 3.283e-09
725 75 1.484 0.00699
750 0 1.584 0.00579
750 100 1.52 0.007186
750 125 1.481 0.006854
750 150 1.444 0.008525
750 175 1.396 0.006914
750 200 1.346 0.006608
750 225 1.268 0.006343
750 250 1.206 0.005925
750 25 1.583 0.007591
750 275 1.128 0.005792
750 300 1.065 0.005727
750 325 0.9755 0.004485
750 350 0.8807 0.003936
750 375 0.8032 0.005102
750 400 0.7056 0.002746
750 425 0.6167 0.002676
750 450 0.5252 0.001879
750 475 0.4321 0.001795
750 500 0.344 0.001582
750 50 1.572 0.007327
750 525 0.2511 0.0009427
750 550 0.1595 0.0005082
750 575 0.03994 0.0001142
750 600 0.000187 1.012e-06
750 625 1.834e-05 8.351e-08
750 650 6.907e-07 2.956e-09
750 75 1.549 0.007251
775 0 1.662 0.009677
775 100 1.583 0.007322
775 125 1.541 0.008744
775 150 1.505 0.007898
775 175 1.455 0.00694
775 200 1.42 0.006663
775 225 1.353 0.007379
775 250 1.281 0.00483
775 25 1.644 0.005901
775 275 1.212 0.00582
775 300 1.134 0.005231
775 325 1.054 0.004796
775 350 0.9659 0.006238
775 375 0.8752 0.004987
775 400 0.7923 0.002734
775 425 0.7027 0.003082
775 450 0.6091 0.00412
775 475 0.5172 0.002291
775 500 0.4271 0.001771
775 50 1.626 0.011
775 525 0.3373 0.001044
775 550 0.2473 0.0009146
775 575 0.1551 0.0006818
775 600 0.03919 0.0001258
775 625 0.0001841 8.395e-07
775 650 1.777e-05 7.867e-08
775 675 6.786e-07 5.172e-09
775 75 1.612 0.00867
800 0 1.708 0.007969
800 25 1.723 0.007534
800 50 1.704 0.008242
800 75 1.696 0.007934
800 100 1.659 0.007678
800 125 1.629 0.009216
800 150 1.579 0.0101
800 175 1.518 0.007656
800 200 1.472 0.006782
800 225 1.417 0.006649
800 250 1.354 0.008493
800 275 1.284 0.004583
800 300 1.208 0.005701
800 325 1.13 0.00523
800 350 1.046 0.005558
800 375 0.9607 0.003475
800 400 0.8823 0.00438
800 425 0.7842 0.003491
800 450 0.693 0.003331
800 475 0.6003 0.002596
800 500 0.5103 0.002097
800 525 0.4202 0.001729
800 550 0.3321 0.001315
800 575 0.2427 0.001042
800 600 0.1535 0.0005867
800 625 0.03857 0.0001096
800 650 0.0001792 8.269e-07
800 675 1.736e-05 1.01e-07
800 700 6.59e-07 3.663e-09
825 0 1.793 0.01158
825 25 1.765 0.008205
825 50 1.761 0.008233
825 75 1.726 0.008062
825 100 1.718 0.008647
825 125 1.686 0.006069
825 150 1.658 0.006582
825 175 1.612 0.008639
825 200 1.555 0.009692
825 225 1.487 0.007023
825 250 1.434 0.00661
825 275 1.381 0.006382
825 300 1.287 0.005386
825 325 1.217 0.005748
825 350 1.13 0.004011
825 375 1.044 0.004724
825 400 0.9559 0.007237
825 425 0.8602 0.003877
825 450 0.78 0.00351
825 475 0.6872 0.003243
825 500 0.5984 0.002734
825 525 0.5052 0.002129
825 550 0.414 0.001698
825 575 0.3248 0.001285
825 600 0.239 0.0008863
825 625 0.1512 0.0004962
825 650 0.03753 0.000127
825 675 0.0001754 7.984e-07
825 700 1.698e-05 1.019e-07
825 725 6.409e-07 2.743e-09
850 0 1.85 0.008574
850 25 1.843 0.006618
850 50 1.833 0.009699
850 75 1.812 0.008349
850 100 1.795 0.009031
850 125 1.749 0.008046
850 150 1.725 0.008078
850 175 1.681 0.007773
850 200 1.626 0.007482
850 225 1.569 0.007983
850 250 1.503 0.005413
850 275 1.436 0.006622
850 300 1.358 0.006269
850 325 1.293 0.006791
850 350 1.206 0.005659
850 375 1.128 0.007763
850 400 1.039 0.006577
850 425 0.9563 0.007465
850 450 0.8673 0.003016
850 475 0.7658 0.003399
850 500 0.6782 0.0024
850 525 0.5937 0.00257
850 550 0.4949 0.002187
850 575 0.4035 0.001665
850 600 0.3221 0.001086
850 625 0.2364 0.0008687
850 650 0.1479 0.0004842
850 675 0.03726 0.0001053
850 700 0.0001714 8.902e-07
850 725 1.652e-05 7.914e-08
850 750 6.261e-07 3.693e-09
875 0 1.916 0.009463
875 25 1.895 0.007107
875 50 1.899 0.008771
875 75 1.877 0.008644
875 100 1.846 0.008681
875 125 1.838 0.008468
875 150 1.781 0.006532
875 175 1.738 0.006309
875 200 1.68 0.007886
875 225 1.641 0.00608
875 250 1.575 0.008553
875 275 1.51 0.007209
875 300 1.448 0.006861
875 325 1.365 0.008207
875 350 1.28 0.01064
875 375 1.209 0.005804
875 400 1.121 0.005144
875 425 1.037 0.004675
875 450 0.9402 0.004231
875 475 0.8602 0.003813
875 500 0.7669 0.005915
875 525 0.6675 0.002515
875 550 0.5835 0.002969
875 575 0.4908 0.001796
875 600 0.4043 0.001657
875 625 0.3178 0.001274
875 650 0.2302 0.0008581
875 675 0.1455 0.00052
875 700 0.03645 0.0001679
875 725 0.0001684 7.964e-07
875 750 1.632e-05 6.984e-08
875 775 6.087e-07 3.007e-09
900 0 1.985 0.01087
900 25 1.967 0.01214
900 50 1.952 0.009648
900 75 1.935 0.009045
900 100 1.913 0.008899
900 125 1.893 0.00906
900 150 1.858 0.01035
900 175 1.814 0.006601
900 200 1.765 0.008096
900 225 1.701 0.009057
900 250 1.633 0.00978
900 275 1.586 0.00844
900 300 1.52 0.007096
900 325 1.44 0.00842
900 350 1.361 0.008585
900 375 1.28 0.005125
900 400 1.204 0.007634
900 425 1.112 0.006596
900 450 1.027 0.007082
900 475 0.9374 0.003502
900 500 0.852 0.004712
900 525 0.7551 0.00347
900 550 0.6625 0.002908
900 575 0.5715 0.001992
900 600 0.4856 0.002052
900 625 0.4001 0.001807
900 650 0.311 0.001634
900 675 0.2286 0.0008605
900 700 0.1436 0.0004678
900 725 0.03586 0.0001216
900 750 0.0001646 7.616e-07
900 775 1.592e-05 7.313e-08
900 800 5.974e-07 2.705e-09
925 0 2.02 0.009512
925 25 2.04 0.007374
925 50 2.02 0.009468
925 75 2.007 0.009416
925 100 1.989 0.0116
925 125 1.953 0.01009
925 150 1.901 0.009378
925 175 1.882 0.01008
925 200 1.811 0.00879
925 225 1.793 0.007501
925 250 1.721 0.007986
925 275 1.653 0.007628
925 300 1.601 0.009655
925 325 1.511 0.007475
925 350 1.451 0.01284
925 375 1.368 0.006281
925 400 1.286 0.006415
925 425 1.199 0.005452
925 450 1.111 0.005027
925 475 1.021 0.004619
925 500 0.9258 0.00416
925 525 0.8384 0.004948
925 550 0.7464 0.003819
925 575 0.6499 0.002954
925 600 0.5655 0.002429
925 625 0.4761 0.002004
925 650 0.3915 0.0016
925 675 0.3045 0.001207
925 700 0.2246 0.0008296
925 725 0.1412 0.0004879
925 750 0.03498 9.78e-05
925 775 0.0001609 7.846e-07
925 800 1.556e-05 7.164e-08
925 825 5.824e-07 2.548e-09
950 0 2.101 0.0125
950 25 2.083 0.01181
950 50 2.093 0.01104
950 75 2.048 0.009869
950 100 2.043 0.009601
950 125 2.006 0.007568
950 150 1.962 0.009098
950 175 1.943 0.009166
950 200 1.888 0.01046
950 225 1.848 0.008597
950 250 1.792 0.008296
950 275 1.717 0.007046
950 300 1.675 0.01268
950 325 1.597 0.008257
950 350 1.519 0.005568
950 375 1.439 0.006607
950 400 1.361 0.00622
950 425 1.271 0.004532
950 450 1.177 0.005388
950 475 1.109 0.007826
950 500 1.014 0.005553
950 525 0.9224 0.004796
950 550 0.8301 0.003828
950 575 0.7378 0.003515
950 600 0.65 0.002823
950 625 0.5562 0.002945
950 650 0.4687 0.002243
950 675 0.3839 0.001572
950 700 0.3006 0.001325
950 725 0.2197 0.001096
950 750 0.1384 0.0004805
950 775 0.03444 9.63e-05
950 800 0.0001578 7.556e-07
950 825 1.513e-05 7.33e-08
950 850 5.713e-07 2.821e-09
975 0 2.164 0.007788
975 25 2.165 0.01181
975 50 2.148 0.01441
975 75 2.12 0.01047
975 100 2.104 0.01034
975 125 2.083 0.01112
975 150 2.05 0.009755
975 175 2.018 0.009456
975 200 1.97 0.009076
975 225 1.911 0.006927
975 250 1.879 0.008689
975 275 1.793 0.009196
975 300 1.742 0.008628
975 325 1.672 0.007935
975 350 1.591 0.007536
975 375 1.524 0.00544
975 400 1.442 0.008986
975 425 1.35 0.006239
975 450 1.266 0.004497
975 475 1.183 0.004537
975 500 1.103 0.004955
975 525 1.007 0.00456
975 550 0.9151 0.007783
975 575 0.8229 0.002863
975 600 0.7283 0.003312
975 625 0.6395 0.002777
975 650 0.5501 0.002352
975 675 0.4665 0.002049
975 700 0.3783 0.001204
975 725 0.2946 0.0015
975 750 0.217 0.0009702
975 775 0.1363 0.0005986
975 800 0.03404 9.544e-05
975 825 0.0001548 7.254e-07
975 850 1.491e-05 6.894e-08
975 875 5.575e-07 2.458e-09
1000 0 2.222 0.01532
1000 25 2.226 0.01083
1000 50 2.219 0.01039
1000 75 2.191 0.01432
1000 100 2.184 0.01182
1000 125 2.171 0.01807
1000 150 2.11 0.007935
1000 175 2.09 0.01219
1000 200 2.027 0.009493
1000 225 1.989 0.007211
1000 250 1.915 0.0114
1000 275 1.87 0.008656
1000 300 1.799 0.01063
1000 325 1.735 0.007922
1000 350 1.666 0.008818
1000 375 1.585 0.0082
1000 400 1.505 0.006974
1000 425 1.432 0.006573
1000 450 1.347 0.006168
1000 475 1.27 0.005808
1000 500 1.178 0.005385
1000 525 1.079 0.004927
1000 550 0.9927 0.004605
1000 575 0.9017 0.004117
1000 600 0.8099 0.002832
1000 625 0.7223 0.004456
1000 650 0.6349 0.002258
1000 675 0.5444 0.002436
1000 700 0.4583 0.002139
1000 725 0.3738 0.001527
1000 750 0.2929 0.0008929
1000 775 0.2133 0.000779
1000 800 0.1339 0.0004349
1000 825 0.03337 9.972e-05
1000 850 0.0001523 1.513e-06
1000 875 1.457e-05 6.852e-08
1000 900 5.504e-07 2.407e-09
1025 0 2.299 0.01037
1025 25 2.286 0.0107
1025 50 2.284 0.0155
1025 75 2.253 0.01065
1025 100 2.246 0.008124
1025 125 2.202 0.01038
1025 150 2.173 0.01144
1025 175 2.147 0.01075
1025 200 2.108 0.008103
1025 225 2.053 0.01153
1025 250 1.991 0.008109
1025 275 1.937 0.01531
1025 300 1.896 0.008916
1025 325 1.808 0.009906
1025 350 1.748 0.007303
1025 375 1.673 0.006085
1025 400 1.599 0.007385
1025 425 1.511 0.007205
1025 450 1.431 0.006646
1025 475 1.337 0.006792
1025 500 1.246 0.007519
1025 525 1.163 0.007016
1025 550 1.074 0.006835
1025 575 0.9873 0.006241
1025 600 0.892 0.004316
1025 625 0.8056 0.004218
1025 650 0.7122 0.003164
1025 675 0.6257 0.002733
1025 700 0.5363 0.003511
1025 725 0.4541 0.002669
1025 750 0.3695 0.002281
1025 775 0.2881 0.001277
1025 800 0.2098 0.0007635
1025 825 0.132 0.0004311
1025 850 0.03273 9.311e-05
1025 875 0.0001501 9.508e-07
1025 900 1.43e-05 1.144e-07
1025 925 5.37e-07 3.278e-09
1050 0 2.352 0.01107
1050 25 2.348 0.01554
1050 50 2.355 0.01813
1050 75 2.319 0.01075
1050 100 2.301 0.0101
1050 125 2.293 0.008264
1050 150 2.249 0.01056
1050 175 2.196 0.01065
1050 200 2.171 0.01294
1050 225 2.119 0.01256
1050 250 2.077 0.00957
1050 275 2.008 0.0178
1050 300 1.948 0.00912
1050 325 1.887 0.008784
1050 350 1.817 0.008614
1050 375 1.742 0.008232
1050 400 1.681 0.007774
1050 425 1.586 0.006571
1050 450 1.502 0.00642
1050 475 1.416 0.00648
1050 500 1.341 0.006312
1050 525 1.244 0.006254
1050 550 1.162 0.005261
1050 575 1.074 0.004823
1050 600 0.9731 0.007418
1050 625 0.8846 0.004308
1050 650 0.7951 0.003724
1050 675 0.6994 0.003087
1050 700 0.6161 0.00238
1050 725 0.5292 0.002504
1050 750 0.4469 0.001462
1050 775 0.363 0.001475
1050 800 0.2813 0.001156
1050 825 0.2061 0.001018
1050 850 0.1295 0.0004418
1050 875 0.03221 8.971e-05
1050 900 0.000146 6.878e-07
1050 925 1.406e-05 7.007e-08
1050 950 5.223e-07 2.48e-09
1075 0 2.42 0.0114
1075 25 2.411 0.01959
1075 50 2.392 0.01121
1075 75 2.392 0.01329
1075 100 2.362 0.008665
1075 125 2.351 0.01086
1075 150 2.304 0.01102
1075 175 2.277 0.01065
1075 200 2.221 0.008047
1075 225 2.186 0.009427
1075 250 2.145 0.01038
1075 275 2.082 0.009878
1075 300 2.03 0.0104
1075 325 1.955 0.009078
1075 350 1.903 0.008796
1075 375 1.803 0.00919
1075 400 1.749 0.009189
1075 425 1.665 0.008834
1075 450 1.577 0.007742
1075 475 1.495 0.007273
1075 500 1.423 0.006871
1075 525 1.336 0.006918
1075 550 1.233 0.005808
1075 575 1.149 0.004052
1075 600 1.06 0.004791
1075 625 0.9701 0.004613
1075 650 0.873 0.004421
1075 675 0.7808 0.003081
1075 700 0.6994 0.002387
1075 725 0.6105 0.002653
1075 750 0.5234 0.002702
1075 775 0.4399 0.001999
1075 800 0.3565 0.001463
1075 825 0.2801 0.001096
1075 850 0.202 0.0008782
1075 875 0.128 0.0004155
1075 900 0.0317 8.862e-05
1075 925 0.0001447 6.668e-07
1075 950 1.383e-05 7.825e-08
1075 975 5.127e-07 2.482e-09
1100 0 2.456 0.01184
1100 25 2.465 0.01372
1100 50 2.465 0.008933
1100 75 2.456 0.01128
1100 100 2.425 0.01275
1100 125 2.411 0.0132
1100 150 2.399 0.01109
1100 175 2.314 0.01522
1100 200 2.288 0.0107
1100 225 2.238 0.01074
1100 250 2.202 0.0103
1100 275 2.149 0.0101
1100 300 2.09 0.009843
1100 325 2.037 0.0126
1100 350 1.956 0.01141
1100 375 1.894 0.007521
1100 400 1.823 0.007999
1100 425 1.743 0.01319
1100 450 1.654 0.006699
1100 475 1.578 0.008247
1100 500 1.491 0.005624
1100 525 1.401 0.008056
1100 550 1.314 0.006031
1100 575 1.243 0.004561
1100 600 1.131 0.005209
1100 625 1.053 0.004969
1100 650 0.9638 0.00614
1100 675 0.8704 0.003887
1100 700 0.7785 0.005009
1100 725 0.6859 0.003097
1100 750 0.6024 0.002609
1100 775 0.5166 0.002423
1100 800 0.4344 0.001817
1100 825 0.3514 0.001957
1100 850 0.2732 0.001199
1100 875 0.1995 0.00114
1100 900 0.1255 0.0003215
1100 925 0.03118 8.657e-05
1100 950 0.000141 7.187e-07
1100 975 1.356e-05 5.987e-08
1100 1000 5.08e-07 2.167e-09
1125 0 2.546 0.009827
1125 25 2.551 0.01479
1125 50 2.52 0.009339
1125 75 2.493 0.01223
1125 100 2.499 0.01202
1125 125 2.464 0.01153
1125 150 2.451 0.01202
1125 175 2.409 0.01164
1125 200 2.38 0.01179
1125 225 2.337 0.01218
1125 250 2.265 0.01067
1125 275 2.223 0.01075
1125 300 2.173 0.007869
1125 325 2.095 0.009789
1125 350 2.037 0.01013
1125 375 1.974 0.009292
1125 400 1.912 0.009564
1125 425 1.828 0.009276
1125 450 1.739 0.00638
1125 475 1.664 0.006454
1125 500 1.588 0.007266
1125 525 1.489 0.01122
1125 550 1.399 0.008581
1125 575 1.311 0.00689
1125 600 1.229 0.005573
1125 625 1.126 0.009031
1125 650 1.037 0.004862
1125 675 0.9504 0.004053
1125 700 0.8511 0.0038
1125 725 0.7683 0.003885
1125 750 0.677 0.004742
1125 775 0.5893 0.004213
1125 800 0.5099 0.001756
1125 825 0.4269 0.001878
1125 850 0.3491 0.001417
1125 875 0.2715 0.0009255
1125 900 0.1978 0.0007184
1125 925 0.1232 0.0004236
1125 950 0.03069 8.628e-05
1125 975 0.0001396 9.74e-07
1125 1000 1.327e-05 7.076e-08
1125 1025 5.005e-07 2.181e-09
1150 0 2.592 0.012
1150 25 2.584 0.01413
1150 50 2.585 0.02175
1150 75 2.584 0.01243
1150 100 2.566 0.01181
1150 125 2.528 0.01183
1150 150 2.508 0.01209
1150 175 2.469 0.01097
1150 200 2.436 0.0113
1150 225 2.384 0.01124
1150 250 2.357 0.01016
1150 275 2.287 0.009568
1150 300 2.226 0.01038
1150 325 2.179 0.0123
1150 350 2.094 0.009882
1150 375 2.039 0.009531
1150 400 1.971 0.01123
1150 425 1.906 0.01321
1150 450 1.796 0.00849
1150 475 1.735 0.006287
1150 500 1.668 0.008389
1150 525 1.568 0.008322
1150 550 1.476 0.007867
1150 575 1.391 0.005984
1150 600 1.301 0.008025
1150 625 1.216 0.005542
1150 650 1.125 0.005099
1150 675 1.033 0.006186
1150 700 0.9415 0.003658
1150 725 0.8511 0.005855
1150 750 0.7635 0.003568
1150 775 0.6713 0.003115
1150 800 0.5871 0.002849
1150 825 0.5003 0.001751
1150 850 0.4225 0.00209
1150 875 0.3429 0.001396
1150 900 0.2689 0.001053
1150 925 0.1944 0.0009122
1150 950 0.1215 0.0003919
1150 975 0.03006 0.0001313
1150 1000 0.0001366 7.89e-07
1150 1025 1.304e-05 5.892e-08
1150 1050 4.848e-07 2.179e-09
1175 0 2.66 0.0124
1175 25 2.653 0.01247
1175 50 2.652 0.01231
1175 75 2.639 0.01275
1175 100 2.606 0.01219
1175 125 2.589 0.01058
1175 150 2.568 0.01436
1175 175 2.529 0.01981
1175 200 2.494 0.01195
1175 225 2.448 0.01266
1175 250 2.407 0.01146
1175 275 2.359 0.01196
1175 300 2.314 0.0155
1175 325 2.263 0.01286
1175 350 2.18 0.01129
1175 375 2.101 0.01001
1175 400 2.046 0.007708
1175 425 1.963 0.009161
1175 450 1.897 0.006885
1175 475 1.811 0.006505
1175 500 1.741 0.01104
1175 525 1.656 0.007578
1175 550 1.561 0.008379
1175 575 1.474 0.00729
1175 600 1.385 0.01403
1175 625 1.304 0.01085
1175 650 1.206 0.00433
1175 675 1.118 0.004111
1175 700 1.022 0.00362
1175 725 0.9215 0.004152
1175 750 0.8428 0.003749
1175 775 0.7494 0.003323
1175 800 0.6674 0.003839
1175 825 0.5788 0.002568
1175 850 0.4969 0.002115
1175 875 0.4154 0.001934
1175 900 0.3386 0.001468
1175 925 0.2604 0.00102
1175 950 0.1907 0.0005397
1175 975 0.1196 0.0003888
1175 1000 0.02979 8.747e-05
1175 1025 0.0001329 6.182e-07
1175 1050 1.278e-05 5.595e-08
1175 1075 4.776e-07 2.041e-09
1200 0 2.747 0.01294
1200 25 2.709 0.01614
1200 50 2.719 0.01439
1200 75 2.699 0.01013
1200 100 2.673 0.01272
1200 125 2.65 0.01242
1200 150 2.653 0.009599
1200 175 2.616 0.0121
1200 200 2.563 0.00928
1200 225 2.519 0.01189
1200 250 2.477 0.009981
1200 275 2.429 0.01152
1200 300 2.355 0.009124
1200 325 2.33 0.01092
1200 350 2.25 0.01056
1200 375 2.198 0.01069
1200 400 2.106 0.01002
1200 425 2.051 0.009462
1200 450 1.983 0.01194
1200 475 1.888 0.008894
1200 500 1.803 0.008379
1200 525 1.722 0.01305
1200 550 1.636 0.007182
1200 575 1.539 0.007502
1200 600 1.465 0.008854
1200 625 1.372 0.00646
1200 650 1.292 0.0082
1200 675 1.197 0.0116
1200 700 1.11 0.004984
1200 725 1.008 0.003601
1200 750 0.914 0.003435
1200 775 0.8275 0.004661
1200 800 0.7438 0.003308
1200 825 0.654 0.002858
1200 850 0.5707 0.003575
1200 875 0.4877 0.002214
1200 900 0.4084 0.001706
1200 925 0.3343 0.00146
1200 950 0.2569 0.001024
1200 975 0.1882 0.0007136
1200 1000 0.1181 0.0004073
1200 1025 0.0292 8.166e-05
1200 1050 0.0001323 6.318e-07
1200 1075 1.256e-05 5.414e-08
1200 1100 4.639e-07 2.087e-09
